SM_Prop_Barrel_01.obj -14.490,0.000,31.910 0.000,0.000,0.000 1.000,1.000,1.000
SM_Bld_Sign_08.obj -20.100,0.000,29.210 0.000,0.000,0.000 1.000,1.000,1.000
SM_Bld_Sign_08.obj -21.205,0.000,29.183 0.000,0.000,0.000 1.000,1.000,1.000
SM_Bld_Sign_08.obj -20.610,0.000,28.650 0.000,90.000,0.000 1.000,1.000,1.000
SM_Bld_Sign_08.obj -20.603,0.000,29.826 0.000,90.000,0.000 1.000,1.000,1.000
SM_Prop_Barrel_01.obj -16.100,0.000,31.700 0.000,0.000,0.000 1.000,1.000,1.000
SM_Prop_Barrel_01.obj -15.300,0.000,30.980 0.000,0.000,0.000 1.000,1.000,1.000
SM_Prop_Barrel_01.obj -14.600,0.000,31.160 0.000,0.000,0.000 1.000,1.000,1.000
SM_Prop_Barrel_01.obj -15.200,0.000,32.730 0.000,0.000,0.000 1.000,1.000,1.000
SM_Prop_Barrel_01.obj -14.490,0.000,32.750 0.000,0.000,0.000 1.000,1.000,1.000
SM_Prop_Barrel_01.obj -15.950,0.000,33.280 0.000,0.000,0.000 1.000,1.000,1.000
SM_Prop_Barrel_01.obj -16.090,0.000,32.500 0.000,0.000,0.000 1.000,1.000,1.000
SM_Prop_Barrel_01.obj -16.210,0.000,30.950 0.000,0.000,0.000 1.000,1.000,1.000
SM_Prop_Barrel_01.obj -15.260,0.000,31.780 0.000,0.000,0.000 1.000,1.000,1.000
